    33.6    75.1    44.5    27.3    11.6     9.4    73.0    66.2    61.2    86.1    93.8    74.6    60.4    29.1    34.7    66.1    32.1    42.5    65.2    30.5    80.5    68.2    15.5    41.4    38.1    67.6    18.9     7.3    10.9    77.6    77.6
    74.7    56.2    23.0    81.8    67.6    65.4    38.4    81.6    67.8    72.3    87.6    42.0    50.3    39.9    21.5    35.5    54.7    11.1    94.6    10.4    75.2    80.5    41.1    32.4    13.7    16.1    43.0    12.7    88.6     4.4    63.4
    19.5    86.5    50.9    50.3    93.4    63.1    69.9    77.2    14.7    36.9     4.0    90.4    38.4    96.3    28.1    95.2    61.5    66.2    55.5    69.1    96.6    54.7    46.6    91.8    59.9    81.3    49.5    33.2    77.3    70.9    82.0
    77.2    42.4    52.8    76.6    95.2    93.1     6.3    54.6    14.1    24.2    42.4    55.9    79.7     6.9    67.1    79.6    42.0     7.0    42.3    61.6    59.9    92.7    66.3    90.1    31.3    63.0    28.0    85.8    94.3    54.3    44.9
    94.7    97.2    89.2    33.9    48.7    23.4    66.5    94.1     2.2    83.3    46.0     9.3    29.8    94.6    49.8     6.0    63.3    63.3    91.7     6.5    98.1    28.1    60.2    24.0    25.4    54.7    28.3    56.3    38.7     3.5     8.2
    27.7    61.9    67.8    86.1     1.0    55.4    37.8     0.7    20.0    30.8    33.4     9.8     7.5     4.1     9.3    57.5    18.9    31.9     9.2    18.1    86.7    34.8    21.7    90.0    86.5    21.1    15.7    90.9    75.0    22.2    32.2
    76.1    65.6    33.3    77.5    29.6     0.9    87.1     5.3    84.6    34.4    95.7     5.9    49.1    59.0    91.5    66.2    98.2    49.1    66.1    43.2    55.8    51.6    56.3    48.7    93.7    51.1    93.1    30.0    42.2    17.4    83.9
    12.8    65.1    95.5    66.6    55.0    53.6    25.7    57.5     8.5    76.3     8.5    46.0    90.5    10.7    43.6    60.4     6.1    89.9    68.7    58.1    41.8    62.9    97.6    89.1     6.9     8.5    41.6    44.1     3.4     1.0    79.8
    10.8    65.9    15.1    79.3    60.5    61.0     6.7    53.0     6.4    61.0    87.6    87.1    76.1    40.5    67.8    51.5    56.6    93.6    16.7    31.3    92.2    93.9     8.5    72.0    95.7    17.9    69.3    87.3    78.8    37.6    95.3
    68.8    85.4    45.2    82.9    22.8    69.4    39.2    28.2    98.5    43.9    21.6     3.3    11.0     8.2    90.0    24.0    43.0    60.8    95.0    41.3     9.5    62.3    66.8    77.4    52.2    45.2    97.3    75.9    26.3    24.3    64.8
    11.0    37.6    30.5    79.6     6.4    62.8    82.1    93.6    18.1    55.0    51.4     0.5     1.1    24.2    65.5    17.8    30.6    73.5    26.1    87.5    52.1    50.6    98.7    50.8    59.1    31.3    16.9    71.7    26.8    25.1     2.9
    84.2    69.2    27.3    70.7     6.9    97.7    10.2    31.2    89.3    19.2    49.8    80.5    85.4    62.2    24.5    95.0    48.9    72.6    50.8    35.3    94.0     4.3    76.4    62.1     8.6    37.6    31.6    61.4    96.0    72.5    40.0
    96.6    43.7    19.2    20.3    71.2    46.4    64.5    46.8    96.7    18.3     6.3    21.4    14.0     2.2    48.5    96.7    89.1    46.7    22.2     9.4    89.4    78.9     5.3    38.5    27.9    78.9    59.2    70.5    82.9    55.6    98.5
    46.2    51.5    63.2    12.7    26.6    16.5    72.2    27.4    57.0    91.3    43.0    32.2    80.9    44.1    84.4    49.4    80.2    17.7    83.7    30.8    18.1    81.8    48.1    58.4     5.4    33.0    26.6    59.2    63.2    91.5    79.7
    90.5    10.4    89.1    20.8    78.5    95.2    11.6     9.1    53.7    86.7    63.9    88.3    11.1    94.6    75.0     8.0    87.4    75.9    81.4    37.0    28.4    69.2    76.1    83.0    31.5     3.4    23.1    65.5    47.1    30.9    78.3
    81.3    28.5     3.5    97.0    52.7    19.0    71.2     1.0    20.8    79.4    53.9    97.9    63.9     8.4    16.3    46.9    84.2    51.9    87.8    54.6     0.4    24.6    96.4    64.6    72.0    11.1    14.6    87.0    46.9    40.9    38.0
    75.2    31.9    74.4    19.8    91.0    37.6    28.9    72.1    97.0    83.1    61.4    28.9    53.8     0.3    86.8    83.1    48.4    79.5    42.0    17.6    31.3    45.1    14.1    80.2    79.8    46.1    14.2    52.9    92.0    31.9    54.4
    95.5    54.9    28.0    72.0    57.4    15.7    76.8    15.0    65.0    36.6    27.7    47.4    69.6    90.5    40.5    52.4    48.0    48.2    80.2    72.6    48.3    31.5    48.8     6.1    73.1    54.3    94.2    70.2    37.4    51.5    27.2
    28.0    48.5    26.8    36.8    79.0    93.4    27.0    95.2    23.0    76.6    12.6    55.9    45.1    74.5    38.4    70.4    66.0    14.0     7.6    86.7    72.6    48.5    55.5    40.2    70.8    32.9    36.3    81.2    73.3    94.0    17.1
    82.4    29.4    83.4    13.3    16.6    19.6    34.7    70.8    64.6    85.3    28.8    55.4    88.0    35.3    67.8    12.5    37.3    44.8    37.9    93.5    77.5    63.1    77.4    97.4    89.7     7.9    70.3    50.3    83.4    65.1    40.1
     2.9    92.3     5.3    11.5    85.5    59.9    57.7    79.6    27.1    55.2    57.6    27.3     5.4    48.7    85.8    28.2    45.8    64.8    97.1    19.1    35.4    15.1    90.9    84.5    71.3    95.1    66.8    51.8    56.3    39.1    32.9
    79.8    65.4    42.2    25.0    80.7    67.5    96.9    46.0    66.7    95.0    61.8    66.7    30.8    47.7    50.0    84.2    72.9    83.7    86.8    24.4    64.2    77.6    36.7     1.2    98.5     4.7    14.2    14.6    75.9    27.1    92.5
     3.3    12.4    94.8    69.4    37.3    98.2    37.9    52.6    28.0    61.5     2.9    89.3    69.5    54.3    94.9    36.4     9.9    11.0    87.3    49.2    88.2    86.9     5.5    30.4    24.4    44.1    67.5    37.2    58.8    62.4    56.1
    85.3    35.4    51.2    36.4    12.3    51.5    51.2    91.2    83.6    53.6    93.9    13.9    80.5    58.4    74.4    33.5    93.1    69.3    81.7    81.1    26.8    98.2    42.6    98.8    10.2     2.8    83.9    94.2    74.6    45.8    44.7
    52.7    45.8    29.5    35.3    11.6    74.8    36.1    32.7    84.7     6.5    44.3    41.4    48.3    79.7    43.8    12.9    46.5    70.0     2.7    13.1    72.8    14.0     0.4    68.1    44.4    54.5    20.5    80.9    22.3    19.4    62.3
    76.9    41.9    52.6    82.6    43.6    20.6    81.7    48.2    92.6    93.7     0.3    63.8    53.9    51.7    66.3     1.4     3.9    40.1    13.5    81.8    69.7    18.1     5.5    86.4    33.0    58.3    79.3    79.8    94.9    41.0    30.6
    83.8    28.3     8.9    84.1    94.5    43.0    89.7    24.4    44.4    78.2    82.0     4.8    92.1    22.5    27.9    34.0    91.1    44.7    81.3     8.0    46.8     3.4    45.2    51.7    15.3    24.1    25.8    88.4    44.5    56.7    43.2
    84.1    77.4    35.9     3.2    53.3    96.9    85.8    89.4    59.2    38.2    42.4    83.6    65.6    54.5    58.0    80.5    29.4    59.5    98.6    26.8     7.8    55.5    93.0    57.2    72.3    25.3    75.5    95.7    81.5    52.6    70.2
