    26.0     5.0    32.2    46.9    19.8    50.4    17.7    10.6     3.3    90.5    16.2    96.2    51.5    79.3    79.2    84.4    93.8    52.9     6.3    92.6    26.7    54.6    76.7    17.0    18.7    66.0    38.9    24.5
     2.4    51.4    21.5    74.7    32.5    11.6    13.4    36.6    12.4    12.0    69.0    73.6    41.8    65.2    28.0    25.2    13.4    29.3    34.3     3.9    18.5    24.5    83.9    15.8    39.6    22.3    27.9    91.4
    63.3    56.3     0.8    59.7    21.0    55.7    17.2    78.0    86.7    97.2    33.7    29.2    82.6    89.2    80.3    21.1    61.8    83.0     8.4     8.3    42.9    72.7    16.8    21.6    36.8    79.4    12.4    51.7
    40.8    60.5    52.6    52.4    20.0    61.9    11.9    23.2    20.8    49.7     5.2    89.4    76.1    10.3    75.5    46.5    25.5    90.2    26.8    42.7    45.9    48.5    69.4    42.4     5.5    27.9    84.7    86.2
    44.1    60.9    71.2    80.7    34.1    51.0    72.6    91.0    83.4    66.0    96.8    64.8    50.6    90.3    31.8     5.3     7.4    68.5    75.9    33.8    80.6    44.4    86.6    64.8     4.1    97.8    87.2    36.9
    58.1    28.4    80.0    43.3    88.8    53.4     1.9    69.7    45.5    58.1    47.0    50.2    44.2    50.8    88.1    93.2    69.1    96.1    81.9     9.9    76.5    90.4     5.6    95.1    35.1    28.6    42.0    55.2
    71.5    62.4    15.2    11.0    91.3    82.8    67.2    80.6     1.6    23.5    69.0    41.5    95.4    31.0    67.0    43.0    77.1    63.0    77.1    78.9     1.9    34.0    82.4    60.5    26.8    67.8     6.0     5.5
    53.2    54.4    80.4     4.8    39.1    35.0    65.9    47.4     3.4    81.7    81.7    42.1    56.2    81.9    71.1    65.3    82.1     7.8    31.5    11.6    34.3    16.7    42.3    36.6    75.2    34.3    61.1    95.6
    60.2    78.8     5.7     4.6    57.3    70.1    97.5    68.9    46.8    26.8    66.6    24.8    73.2    28.6    10.0    19.4    30.8    77.5    40.6    32.9    70.1    71.3    79.4    29.1    19.0    20.7     4.9    84.4
    38.7    60.2    66.8    38.7    50.1    24.9    56.7    12.4    33.5    63.3    64.0    89.9    53.5    92.6    30.2    93.6    79.8    82.2    82.3    15.8    70.8    98.0    45.8    30.8    54.8    97.3    26.6    56.2
    54.7    24.0    28.1    83.8    15.4    71.7    48.7    70.2    62.5     2.3    61.2    84.2    89.9    85.3     7.2    40.7    22.4    71.4    24.1    66.5    76.3    85.5    30.6     1.1    92.4    45.1    26.6    42.5
    26.4    29.9    17.1    25.6    70.5    47.9    58.7    32.6    88.5    15.0    26.6    54.6    82.0    46.7    13.2    98.6    64.5    52.0    37.0     9.4    81.3     8.0    44.9    85.6    98.5    31.0    67.1    64.1
    41.3    48.5    33.7     6.8    65.1    97.0    78.9    14.5    54.7     1.3    37.6    24.8     3.5    18.5    54.8    39.1    89.2    78.8    51.2    48.5    57.6     0.5    98.1     7.4    66.3    10.7    39.0    13.3
     2.0    20.4    37.4    81.5    98.7    69.5    59.4    56.9    85.5    21.8    46.1    97.6    53.2    95.6     0.2    24.3    45.0    19.5    94.7     9.8    15.3    67.0    14.5    12.2    37.3    13.8    81.6    75.0
     3.3    25.1    82.4     4.1    10.4    40.0    79.2    75.2    63.2    55.3    56.3    82.7    28.1    10.2    94.0    46.5    84.9    23.0    16.3    25.2    13.4    74.3     7.8    79.0    20.8     5.2    66.6    70.5
    68.3    89.7    95.0    10.4    62.9    85.4    42.7    17.1    49.8    66.7    92.0    91.6    43.9    88.1     6.4     5.4    89.3     9.6    82.6    44.7    19.5    90.4    41.1    18.8    68.1    97.2    79.7    46.1
    16.9    42.2    66.0    67.8    86.8    55.4    15.8    46.2    76.1    55.4    11.5    19.9    77.8     0.7     3.5    45.7    52.6    41.4    26.3    23.5    97.1    87.5    76.9    51.9    63.8     0.7     7.0    44.6
    27.4     5.6     2.2     7.5    95.9    65.1    47.7    55.5     6.6     7.3    86.0    81.4    80.4    89.6    59.7    54.0    30.2    73.4    31.6    98.3    81.1    76.4    34.1    96.1    70.9    94.4    53.0    79.3
    76.1    22.2    35.6    80.0    97.1     7.2    61.4    56.5    20.0    49.0    30.7    79.5    29.9    27.3    16.0    78.5    56.4    15.5    11.8    57.7    20.0    90.2    94.5    44.3    76.1    32.3    18.9    36.0
    58.7    10.2    44.6     9.1    75.7    41.7    88.8    63.5    61.6    35.5    73.6    46.5    38.2    28.6    76.7    39.0    25.7     2.8    47.6    85.7    34.3     5.2    54.4    24.5    51.9    56.7    52.8    61.2
    86.4    58.1    44.5     2.8    20.2    46.5    16.5    96.5    25.5    27.1    42.1    54.1     9.9    28.0    86.4    78.0    86.1     6.5    98.2    31.0    59.1    30.1     3.9    88.1    66.7    98.2    88.3    14.2
    79.3    43.0    16.4     9.4    18.9    31.6     9.1    71.1    75.1    94.7     0.6     7.7    30.5    47.0    79.4    65.6     3.0    51.5    93.5    62.7    85.5    24.1    44.4    79.8    59.5    74.4    16.1    26.2
    77.4    86.9    90.2    93.1    44.5    98.3    32.6    75.7    93.4    23.0    38.9    97.4    30.7    76.0    83.1    48.7    95.4    67.6    48.4    37.6    21.9    91.7    66.2    83.8    36.0    63.6    11.6    10.8
    90.8    44.1    25.4    90.8     3.0     3.9    22.1    78.0    41.6    41.2    52.9    25.2    77.9    30.1    44.0    69.2    18.6    62.4    64.6    75.9    49.3    70.1     9.3    70.7     0.3    52.8    49.7    15.3
    22.7     9.0     2.9     9.9     1.9     2.5    69.8    27.7    81.6    90.9    10.4    26.0    82.8     0.2    45.8    62.4    48.5    76.8    40.0    32.0    19.6    66.9    79.6    46.7    21.5    61.8    18.2     5.0
