    44.6    44.0    71.0    28.0    73.1    95.7    46.2    73.3    59.3    92.2    16.4    66.2    20.4    31.8    71.3     5.0    90.4    58.4     1.0     3.1    51.8    45.6     0.7    81.9    72.3     1.7    86.9    92.5    45.6    37.0    57.9    37.1    31.7    78.3
    92.1    73.0    77.8    27.3    30.7    25.2    98.5    60.8    55.0    75.5    39.3    26.6    96.1    73.8    91.1    59.5    93.0    14.7    57.3    42.4    23.0    97.8    73.0    73.5    24.8    98.8    84.4    18.6    83.5    70.7    96.6    70.7    37.3    87.1
    53.8    38.7    64.9    53.3    83.5    51.0    47.7    32.2    25.0    30.9    62.2    56.4    62.1    60.1    26.0    51.4    44.4     3.2     9.8    50.7    17.6    35.9    34.2    33.7    62.3    46.0    69.4     3.9    58.4    38.0    61.8    83.8    85.9    77.1
    95.7    96.8    95.3     2.9    89.9    42.7    85.7    29.5     0.4    49.7    94.0    83.8    15.7    45.1     5.0    24.6    58.4    41.0    10.0    84.4    62.1     4.2    17.6    38.3    27.2    62.4    60.7    82.7    19.5    64.7    33.6    85.9    70.3    53.2
    55.3    95.4    48.2    62.8    15.7     2.1    28.9    95.3    91.9    85.2    84.8    79.4    94.2    81.6    33.8    52.1     2.0    88.0    19.0     9.2    51.4    51.6    38.1    67.8    93.7     0.1    98.2    21.8    67.2     1.5    15.1    79.4    73.7    14.5
    48.9    22.1    97.1    70.3    45.8    52.8    42.7    49.3    14.8    91.9    48.2    71.5    82.2     0.9    26.6    75.7    67.9    10.6    36.2    13.0    79.2    76.1    83.9    27.8    13.3    35.1    69.6    65.7    86.1    46.5    44.5    98.1    80.3    27.3
    45.4    88.4    52.7    77.7    98.9    66.2    41.3     5.5    86.8    80.2    80.5    17.4    97.7     6.8    57.5    97.2     0.3    52.8    97.0     2.1    90.1     9.3    98.4    17.1    12.8    36.4    44.5    92.0    42.7    63.2    22.6    52.9    54.1    92.9
    60.9    20.7    70.1    79.9    83.8    67.4    48.7    13.0    40.7    95.4    58.5    31.0    16.3    48.1     7.8    81.3    60.7     7.9    17.6    14.7    35.8    52.5    13.8    59.8    56.8    89.8    79.3    15.6    36.0    64.7    72.7    30.2    72.9    98.5
    51.7    57.7     6.3    47.1    20.7     5.7    96.7    95.7    95.6    19.3    58.4    82.9    30.2    81.7    10.9    52.8    54.7    10.6    18.1    59.5     1.8     5.7    37.6    71.2    54.6    86.1    67.1    28.7    43.5     4.8    87.9    26.1    93.2    63.0
    20.0    76.8    33.3    41.4    88.6     3.7    20.2    73.4    23.4    94.0    81.3    44.2    91.2    50.1    27.0    12.5    34.4    23.9    88.5    56.7    42.0    93.5    51.0    19.3    81.8    42.9    45.8    17.1    71.4    94.5    42.1    20.6    45.6    57.8
    36.2     0.8     4.3    36.1    43.4    95.2    82.0    97.2    90.4    79.1    18.2    49.1    92.3    10.4    44.9    77.5    88.3     9.4    73.8    37.7    29.5    84.4    12.0    45.6    63.7    78.0    97.3     4.5    15.0    36.4    10.6    90.1    98.3    27.4
    78.2    81.1     6.2    22.0    37.9    20.0    92.0    80.8    18.9    11.7    80.1    97.8    90.7    21.0    37.0    48.8    61.0    53.3    91.0    66.2    44.7    83.4    29.3    83.2     8.8    94.6    12.9    44.0    82.1     8.6     4.3    30.1    56.9    54.0
    67.0    66.9     1.7    24.1    85.8    15.8    63.3    14.6    86.8    65.1    34.5    35.0    29.0    74.4    59.9    76.3    85.8    17.3    77.3    90.0     9.5    29.9    78.7    84.2    29.8    74.6    54.1    11.1    15.3    81.2    50.2    63.3    27.1    56.1
    69.4    24.7     8.1    55.1    11.9    67.3    51.3    13.6    81.6    15.6    69.0     8.5    84.9     9.2    86.9    81.2    56.7    50.7    90.2     8.5    32.9    13.2    71.4    49.1    38.3     7.8     8.3    89.8    85.3    33.4    70.2    62.4    37.4    84.6
    15.1    33.6    28.8    83.6    13.3    85.2     5.4    97.3     7.3    38.5    23.5     5.6    44.8    22.4    15.0    61.2    32.6    23.6    44.4    56.0    37.5    92.3    92.6    45.6    16.0    21.3    61.7    22.5    27.7    29.1     2.0    52.0    92.7    76.5
    51.3    73.3    94.9    75.0    25.6    97.8    40.1    64.2    79.7    79.3    98.9    78.3    49.6    86.7    66.4    82.4    96.1    76.3    83.6    27.6    11.4    20.4    48.0    94.5    85.2     4.6    87.9    21.8    76.5    16.5    79.1    71.8    22.3    32.9
    71.8    58.2     6.8    73.5    21.2    70.6    41.8    54.1    58.1    79.2    45.5    66.7    73.4    52.0    27.5    75.6    59.1    77.5     1.7    11.6    80.2    94.2    94.9    42.3    48.0    16.8    22.5    22.0    48.3    53.2    66.0    26.2    16.6    82.6
    87.5    26.0    85.3    45.4    90.8    14.8    22.1    25.6    39.6    68.1    61.0    22.5    73.9    18.4    58.8    46.4    28.6    63.7    96.2     7.6    70.8    32.5    70.7    95.1    21.6    83.3    49.2    38.9    17.7    82.1    98.7     9.6    33.4    92.6
    54.0    17.3    79.3    77.0    16.0    31.3    79.2    78.8     3.0    74.8    32.7    16.4    59.0    38.5    63.1    90.5    95.9    20.1    26.6    20.8    39.1    23.9    93.0    27.1    61.3    73.2    96.8    45.6    50.9    39.6    28.2    88.4    42.2    60.0
    82.7    63.6    20.3    96.5    63.7     7.4    38.4    83.1     9.9    42.9    54.6    84.0    93.3    83.2    62.5    84.0    23.3    65.7    46.2    20.2    82.8    57.7    40.5    67.5    70.9    29.3    64.5    87.7    78.6    45.2    76.9    68.5    12.1    95.6
    15.8    21.2    94.5    53.6    42.4    50.0    41.0    59.4    64.6    72.1    31.8    42.2    45.1    10.8    76.6    84.0    31.7     3.5    65.6     8.0    15.5    59.5    31.5    31.5    19.8    87.3    14.6     8.9    17.3    98.9    48.8    63.2    37.0    12.8
    39.5    85.9    63.6    19.4    45.0    19.4    24.8    75.1    48.8    10.7    54.2    43.8    89.7    14.7    79.7    83.4    79.5    87.0    62.4    45.7    34.2    82.5    32.7    27.2    71.4    89.4    14.2     3.5    76.6    48.9    49.5    15.4    36.0    60.5
    48.5     6.8    25.0    19.1    80.8    53.2    23.8    58.4    27.4    97.4    30.4    83.3    71.8    35.6    36.4    15.9    44.6    14.5     3.4    30.2    15.7    76.5    55.3    27.4    85.6     2.1    19.8    78.6    14.8    43.4    16.9    49.9    26.7    51.3
    56.1    30.6    67.9    19.0    30.8    19.1    78.7    70.5     3.3    67.9    51.7    81.4    53.7    30.0    51.7    64.1    44.2    90.9    16.9    64.9    75.3    84.6    95.4    19.1    73.5    89.3    33.6    80.6    87.2    76.4    78.3    88.4    77.5    90.4
    56.0    91.1    52.0    21.1    78.4    26.5    18.6    14.9    79.6    68.6    49.9    80.9     6.9    37.4     9.2    68.5    71.8    27.9    70.4    92.1    46.6    34.8    22.0    91.7    27.7    14.6    77.2    47.9    57.5    72.9    22.5    66.8    85.8    94.7
    51.9    82.1    78.1    65.3    19.9    49.4    37.9    96.8    56.5    97.9    29.2     5.9    25.6    60.1    66.9    22.9    37.6    51.7    97.7    29.6    62.5    39.4    51.6    82.1    95.3    69.0    28.2    55.3    85.5    48.6    13.4    94.3    21.4    44.5
    95.1    19.2    31.3     3.3    67.6    24.0    20.4    97.2     5.0    24.8    64.2    83.6     8.6    32.8    50.9    66.6    75.2    58.8    52.9    15.8    49.7    40.2    94.4    39.9    26.4    69.6    93.7    12.8     9.9    98.2    96.5    87.1    40.1    38.3
    25.4    67.0    60.1    82.9    83.4    89.8    92.1    31.0    57.9    25.7    41.3     0.2    49.3    80.1    44.1     2.7     0.1    92.4    56.9    46.9     4.2    78.9    13.9    96.6    42.6    25.8    83.7    77.3    35.6    89.7    11.1    66.8    53.7    91.6
    21.2    92.7    72.0    32.2    74.1    30.2    97.5    84.2    91.1    87.3    36.2    28.9    12.6    20.4     1.3    31.5    20.9    56.9    77.9    36.6    73.7    95.8    74.2    16.6    40.0    24.1    42.9    42.3    40.5    93.6    23.6    65.9     7.0    28.3
    44.6    36.6    69.4    50.8    49.0    57.3    49.1    55.5    89.1    38.7    60.8    69.5    77.0    34.0    91.2    14.0    89.2    84.6     2.3     3.0    57.6    56.1     8.1    39.3    67.4    93.9    32.0    23.4    67.2    49.2    48.4    27.1    50.6    45.2
    39.6    24.1    17.2    36.1    43.9    21.8    91.5    87.4    89.6     0.4    39.7    89.5    65.4    26.8    80.2    38.3    94.8    65.0     4.9    51.7    31.1    49.2    41.6    49.8     2.0    92.3    88.4    38.3    20.0    35.3    54.2    65.3    29.5    16.9
