    71.9    34.5    26.4    24.8     6.4    83.0     0.9    84.0    59.3     2.5     5.1    52.3    60.8    76.1     2.5    58.9    95.0    23.9    92.5
    71.8    24.6    73.6    13.9    18.7    50.1     0.9    18.8     1.9    54.3    75.2    91.9    81.4    98.9    17.7    56.2    38.1    97.7    82.4
    36.3    16.3    22.2    97.0    97.4    61.7    41.5    61.8    64.4    31.8    82.0    87.3    15.1    47.3     8.2    88.6     2.3    52.7    46.7
    28.7    70.8    66.5    56.9    19.3    54.5    19.4     1.8    36.9    74.6    58.2    24.1    31.6    32.7    73.4    37.8    11.3     8.3    73.6
    12.1    64.8     0.6    94.1    14.8    76.0    93.4    13.0    79.7     7.8     9.6    24.2     9.3     2.7    55.4    56.9    41.7    79.3    23.6
    18.8    23.9    83.1    36.3    93.8    82.6     3.1    63.7    33.9    20.5    48.2    63.0    97.4    97.6    25.3    35.4    89.0     8.4    59.5
    24.8    68.2    58.5    31.1     8.4    51.0    22.0     6.6    85.3    15.3    44.0    59.8    19.9    31.8    36.5    43.4    80.4    57.1    55.5
    64.9    11.5    42.7    38.3    21.2    76.2    90.9     9.7    16.6    24.2    14.4    39.5    80.9    57.9     1.2     2.8    49.8    28.0    82.5
    10.9    34.2    61.6    71.7    38.6    65.5    22.9    62.5    79.3    77.2     7.7    21.3    83.1    95.3    27.9    42.8    78.5    77.2    90.2
    33.4    70.1    78.8    79.6    65.3    20.9     0.8    48.2    45.9    70.2    48.3    72.8    57.8    71.7    19.1    40.8    47.0     6.6    66.0
    13.8    64.3    83.7     1.0    54.6    30.7    60.4    95.9    19.4    62.3    20.7    70.6    10.2     1.9    77.5    88.5    28.8    55.2    21.0
    43.1    30.4    37.9     2.5    27.6    70.9    72.2    74.6    10.4     4.5    62.3    79.3    83.8     1.5    95.1    24.7    70.9    78.0    95.3
    22.7     9.0    90.7    36.1    82.8    22.1    87.5    35.0     7.2    32.9    80.9    10.1    97.7    72.6    30.6    45.1    38.6    58.7    26.5
     1.5    77.1    46.4    22.3    64.6    94.1    84.8    17.8     6.8    71.3    91.0    10.9    65.5    98.6     6.3    78.0    98.1    59.8    28.9
    23.0    70.6    17.7    22.0    72.4    75.8    73.5    20.1    85.4    42.1    58.5    20.0    85.0    53.3    46.1    43.4    51.0    66.7    77.0
    28.7    11.5    36.9    78.3    90.7    30.2    31.3    69.6    57.3     8.2    50.4    60.4    55.6    42.5    23.8    49.8    83.4    72.1     1.0
