  28130,0  34328,1  25562,8  27429,3  34188,0  23298,0
  16734,6  23780,0  19147,2  18093,0  23553,4  13366,7
  22903,8  24033,2  17991,0  20864,6  21548,4  16426,0
  20873,6  24166,0  24083,5  23844,6  24907,3  21414,4
  17193,0  20220,2  17784,6  15581,2  16143,4  14051,5
  17112,2  23611,4  17849,6  14370,4  20391,1  10209,8
  25573,3  29397,9  19542,9  21065,9  23923,2  16966,1
  16868,6  22833,7  20156,9  16999,8  21360,2  12277,4
  20413,1  26624,0  24578,5  22569,0  25794,4  19395,2
  25586,5  34984,3  25759,5  23391,2  33878,9  19089,8
