    37.0    12.2    98.7    90.4    45.5    33.1     5.2    23.0    29.9    18.5    13.8    68.4    48.0    66.4    90.6    22.4     5.4    10.7    35.8    76.4    96.9    41.3    84.2    60.5    21.7
    14.5    35.5    54.0    50.0    93.9     1.5    78.4    61.2     9.7    60.3    62.9     2.9    98.5    92.5    85.0    70.9    30.4    32.2    44.2    84.1    34.3    81.4    24.9    82.2    41.5
    77.2     5.6    60.7    62.7    30.7    42.9    19.7    90.4    80.7    60.0    51.4    85.1    20.3    19.8    81.8    57.0    43.8    69.7    90.4    76.4    43.5    16.1    12.5    67.5    34.0
    20.0    44.2    31.5    77.0    15.6    27.8    11.9    27.8    23.9    87.4    29.7    92.8    58.3    38.1    67.9    98.6    27.1    82.5     2.1    51.3    76.8    55.1    18.9    93.9    53.4
    15.0    73.6    46.8    27.2    90.8    23.7    17.6    55.7    72.0    77.4    84.1     0.1    84.4    72.1    55.6     6.3    67.4    71.1    55.0    60.1    41.1    55.3    85.0     0.5    56.1
    17.4    11.3     3.1    42.2     7.0    65.4    28.8    87.0     0.9    12.5    44.8    66.2    16.7    79.7    93.7    79.0    44.8    35.8    96.6    26.3     8.1    74.2    27.7    38.3     2.0
    80.9     0.8     0.9    91.7    46.4    96.9    46.9    51.5    22.9    79.5    91.6    68.3    54.9    74.5    28.7    74.5    83.4    37.9    78.7    16.2    12.4    28.2    48.5    62.7    69.9
     8.8     5.0    94.7    54.8    65.3    67.7    88.6    83.8    29.6    38.8    12.8     3.1    89.5     1.0    43.9    41.4    59.6    95.4     9.6    72.4    94.1    38.2    54.7    69.3    78.5
    46.3    14.6    53.3    61.2    55.6    23.5    17.4     1.1    87.9    65.8    36.8    48.0    42.2    87.8    78.7    62.3    22.5    80.8    44.2    62.4    94.9    20.4    58.3     5.6    33.6
    47.2    82.3    21.8    23.3    35.3    45.5    34.5    78.0    47.2    88.9    11.3    77.1    17.8    85.9    47.2    71.1    49.0     0.7    34.2    97.3    24.3    63.5    15.8    24.4    89.3
    89.0    53.6    15.9    68.4    98.7    83.4    25.9    31.2    57.4    96.7    67.0     1.5    69.3    69.5    44.7     9.2    59.2    30.9    38.6    63.5    45.2    14.4    80.2     2.9    90.7
    83.3    11.2    73.6    97.4    78.3    43.1    23.0    40.9    33.4    78.1    51.0    20.1    14.6    57.7    82.2    33.3    95.7    41.8     5.7     7.1     6.4    39.7     9.7    34.6     1.2
    77.2    12.8    51.2    56.2     6.7    82.3    98.4    18.7    48.8    24.8    73.8    92.1    42.4     9.3    67.2    60.7    56.3    14.7    71.9    38.0    93.5    54.4    39.6    78.5    48.0
     5.5    78.3     1.9    72.6    39.8    23.8    78.1    94.0    21.2    25.8    81.5    56.8    50.4    37.9    23.1     9.1    23.5    95.7     5.2    15.2    27.3    71.9    40.3    77.5    29.9
    80.3    31.4     8.5     6.4    39.7    48.2    62.2    70.2    76.2    76.3    73.2     5.3    43.9    84.7    23.1    33.1    37.8    83.8     5.4    46.4    54.5    52.4    11.3    89.2    35.4
    87.3    23.3    73.1    82.8    74.9    95.3    50.8    37.2    26.3    60.4    94.0    90.0     6.5    82.0     7.5    18.5    42.3    84.8    31.2    22.9    39.5    89.0    91.2    36.9    39.1
    76.8    62.5     6.8    37.8    73.7    60.7    26.2    97.9    85.5     6.0    52.6     2.4    83.9    36.8    25.7    78.1    87.4    60.6    66.8    71.7    44.9    19.2    43.6     6.7    42.8
    82.6     5.0    12.7     2.4    62.4    66.7     3.3    19.8    53.7    74.2    39.1    82.6    67.6    36.8    54.8    70.8    78.8    43.0    16.6    47.6    82.1    61.9    65.7    14.7    16.7
    77.8    88.9     4.9    48.7    60.8     6.1    84.9    93.2    92.2    17.2    68.3    44.6    33.4    58.0    18.0     7.9    93.1    90.3    20.0    76.3    79.8    21.1    52.5    20.5     6.6
    25.6    96.7    98.3    91.9     1.4    92.3    39.1    17.2    65.5    60.3     4.1    46.7    84.2    58.1    37.8    89.7    72.4    53.6    14.6    30.0    39.6    38.2    50.9    58.9    77.1
    56.3    29.5    10.4    69.9     8.7    51.9    24.8    16.8    74.0    72.3    11.8    36.7    60.1    76.9    41.3    70.4    61.4    85.8    28.2    51.9    34.7    95.3    57.2    64.2    73.3
    89.2    41.8    73.3    98.9    31.7     9.6    33.3     5.5    12.4    82.7    15.7    77.8     2.1    82.2    65.3    49.1    40.1    79.6    58.7    85.8    57.0    75.7    69.6    41.8    66.0
