    34.4    83.2    81.7    83.5    22.8     8.0    90.3    17.9    80.0     9.7    15.5    79.2     2.4     8.1    33.5    92.9    15.4    79.5     2.2    94.2    28.9    63.6
    24.0    51.0    73.8    82.3    78.7     9.0    44.3    56.1    12.1     3.1    47.2    43.0    50.0    67.9     0.4     0.1    40.7     7.0    68.7    69.4    21.7    55.5
    93.6    26.4    73.4    73.6    79.1    20.2     2.1    15.0     3.5    43.8    30.6    66.4     1.6    10.8    54.6    31.9    18.9    54.5    77.9    56.9    87.5    48.5
    16.5    38.6    70.3    72.8    98.6    28.8    22.9    10.2    90.4    78.6    58.3    82.3    30.6    28.9    52.7    83.6    84.8    53.6    26.5    46.9    72.7    10.7
    10.6    19.7    60.4    83.4    35.5    44.3    64.9    35.4    84.7    43.6    66.1    57.3    18.1    51.7    21.8     4.6    98.9    51.3    39.4    90.4    30.1    42.2
    76.1     6.6    43.3    46.5     9.3    73.5    31.9    38.0    29.1    52.5    63.4    50.1    84.9    18.5    80.7    42.2    37.5    74.9    62.8     1.4    89.4     7.5
    11.7    78.5    85.2     8.3    78.4    61.5    70.7    96.6    39.3    69.6    93.9    32.0    60.5    17.4    75.0    62.8    73.3    18.6    41.6    56.7    82.8    44.6
    90.3    25.2    94.5    33.7    64.4     3.3    46.5     7.4    69.7    53.7    35.5    89.0    17.0    72.5    52.5    19.6    12.2    46.3    47.3    11.5    76.7     4.0
    87.3    45.5    54.2     9.9    52.7    95.6     0.4    54.0    61.2    93.7    33.4    22.2    36.9     4.8    63.9     0.7    17.5    77.6    47.2    27.6    85.9    45.5
    59.4    91.2    53.5    92.1    36.7    89.3     3.4    88.4     9.9    47.8    74.4    26.2    78.5    22.3    42.6    98.8    29.6    67.5     5.1    26.0    91.8    52.4
    55.6    94.5    95.7    86.8    21.0    79.7    63.7    69.8    56.2    47.9    70.1    37.9    75.9    71.8    11.5    84.7    98.2    40.9    45.9    85.8    93.7    33.2
    89.4    67.0    13.0    55.9    42.5    93.0    76.6    95.3    21.4    11.4     4.9    55.7    18.8    49.2    88.8    67.7    91.3    62.7    10.3    10.7    68.4    86.1
    22.2    66.7     8.0    70.9    72.7    56.0     3.3    95.7    46.4    92.9    87.8    27.7    58.1     5.5    76.4    69.4    64.6    73.7    72.0    85.3    34.7    90.5
    21.0    48.2    71.4    95.6    36.1    86.6    54.4     2.6    87.7    51.0    26.1    35.9    82.5    26.8    80.2    71.2    96.9    25.6    39.6     6.2    14.7    65.1
     0.2    49.5    33.4    45.4    67.4    36.0    61.1    91.6    52.3    82.6    74.8    52.3    65.1    59.7    32.1    70.0    45.0    64.1     4.4    31.3    38.4    53.6
    35.8    16.4    65.1    93.7    16.2    52.7    49.5    65.1    41.5    25.8    29.0    15.2    66.3    98.6    60.3    91.3    73.4    25.5    23.9    66.4    65.8    33.1
    26.1    18.6    94.7    73.5    91.1     4.5    76.0    58.5    67.4    57.2    71.9    26.4    35.1    25.8    78.7    45.2    68.0    94.8    81.1    61.6    28.2    82.2
    90.7     5.6    47.0    27.8    85.3     3.5    35.2     3.4    72.6    28.2    16.7    55.8    29.5    49.0    81.2    81.3    11.6    27.5    47.8    67.8    26.3    88.3
    19.5    68.4    81.5    65.5    90.7    43.6    28.2    64.2    35.2    37.3    21.8    71.8    23.7    76.7    37.8    39.3    84.7    28.1    48.6    78.7     5.0     7.8
