    56.2    65.1    13.3    29.9    18.0    64.8     8.4    40.0    46.1    32.8    80.1     2.7     3.9    55.3    25.5    38.3
     2.8    29.2    15.4    68.7    42.1    72.6    50.0     1.3    12.9    63.7    33.7    48.0    38.5    85.0    66.4    98.6
    50.4    43.6    73.2    92.2    54.5    75.1    73.6    53.1    33.3    98.3    65.4    24.4    12.5    94.0    19.8    34.1
    49.8    25.9    13.7    32.1    80.9    70.7    24.3    62.6    89.6    65.5    65.1    18.3    95.0     2.0     4.5    77.4
    18.3    30.8    68.6    88.3    67.1    89.7    64.5     1.1    81.0    82.6    73.8     7.0    38.9    49.4    61.3    58.8
    30.3    92.4    10.5    86.3     8.1    48.5    45.9    31.9    41.8     7.1    84.1    46.2    52.2    69.6    55.4    41.4
    16.9    96.0     8.2    50.8    32.8    27.0     9.0     4.6    14.5    17.4    66.7     3.2    49.2    97.6    89.2    57.2
    47.2    65.7    67.5    21.5    82.8    86.5    49.4    47.8    51.0    45.0    89.9    89.3    15.2    97.8    84.6     9.4
    58.9    65.3    26.2    38.2    41.9    50.3    84.0    35.4    45.7    65.9    16.5    96.5    15.0    77.1    98.2    39.3
    84.7     6.8    32.9    79.9    85.4    88.4    32.5    32.9    73.1    82.7    44.7    67.8    48.7     3.1    95.9     7.4
    27.6    56.2    69.2    37.1    85.7    52.6     1.8    47.0    44.7    13.2    34.3     5.5    54.0    81.1    51.7    53.0
    26.4    20.7    55.8    15.7    12.9    75.9    31.0    79.7     0.9    36.4    39.4    10.4    88.7     0.5    37.4    66.5
    26.5     9.4    64.7    44.6    41.9    22.2    59.3    79.1    53.6    63.5     5.6    96.4    57.8     3.1    73.9    22.8
    74.8    79.2    73.9    50.4    20.6    56.8    31.0    29.5    83.5    79.7    76.5    47.8    71.1    79.7    71.3    25.4
    36.5    77.2    44.5    42.7    42.1    52.8    49.8    24.9    35.7     7.3    16.1    82.1    46.0    41.5    94.4    19.6
