    91.5    56.0    54.9    35.3    55.7    44.4    65.8    61.5    49.1    46.9    56.5     2.4    31.6    95.6    87.8     9.0    63.8    60.1    49.5     0.3    59.1    14.3    92.7     5.7    81.8     2.7    30.0    74.7    83.6    29.2    62.5    57.0    56.3     2.3    37.5    28.9    88.8
    36.3    60.4    56.3    40.3    53.8    32.3    22.4    89.9    33.7    94.9    51.7    43.4    97.2    39.5    68.0    40.8    32.6    43.1    89.0    37.6    44.0    27.4    59.3    94.3    51.9    74.9    98.5    24.8    37.4     3.0    83.5    13.5    15.2    52.8    57.1    30.5    79.1
    70.8    11.4    31.4    71.6    50.7    50.7    62.2    56.5    19.0    18.5    88.6    77.6    70.9    12.0    22.4    79.6    40.4    73.9     9.5     1.2    47.2    11.4    45.5    20.1    71.1    59.2    90.3    51.5    44.9    19.9    18.3     8.6    95.1    86.4    11.1    84.8    35.6
    88.6    38.5    97.2    46.5    45.2     7.1    66.9    50.9    56.0     9.3    66.5     2.2    96.3    32.2    81.0     7.3    18.1    75.3    46.5    86.3    84.5    68.0    72.2    82.4    85.9    73.9    85.3    96.8    49.9    36.0    54.3    68.1    86.1    75.1    12.6    76.9    93.7
    57.3    11.2    39.1    94.3    79.2    43.4    67.1     5.2    36.7    51.2    49.7    38.3    51.5    60.4    39.3     3.9     8.6    88.5    55.2    33.8     2.6     0.0    86.2    78.3    29.8    14.8     8.6    23.7    34.3    82.1    25.3    50.7    62.3    55.5    63.1    70.2    23.8
    54.5    15.0     4.4    34.4    80.0    62.7    31.2    28.2    57.4    12.1    84.7    68.9    42.3    72.9    20.3    10.5    19.7    21.1     2.9    39.1    92.4    93.8    46.1    74.4    16.7    17.3    59.2    69.2    92.1    72.3    43.5    98.3    66.6    50.2    33.4    17.3    38.4
    78.4    21.8    51.2    94.6    71.5    66.0    86.1    44.1    52.6    13.1    82.3     3.9    96.6    37.2     7.7    45.5    11.9    83.2    78.1    77.7    14.9     7.0    59.5    73.1    56.4     5.5     9.5    45.3    43.3    94.7    32.9    92.9    71.3     3.1    93.3    20.6    70.4
    87.3    67.4    83.1    58.0    45.4     6.3    13.6    47.4    74.4    42.5    76.5    83.2    16.5    18.7    83.4    74.8    89.1    77.7    70.6    96.7     9.7    30.4    23.4    62.3    15.2    61.4    42.9     3.8    50.3    66.5    89.4    42.7    83.4    58.8    79.0    85.0    77.1
    27.1    17.5    87.6    16.2    77.5    37.1    41.2    58.9    10.2    42.5    89.2     1.2    88.7    39.3    97.3     6.2    97.2     2.8    50.7    84.7    42.0    11.9    14.3    67.2    32.7    38.6    72.1    18.0    33.1    27.7    23.1    39.1    76.3    59.0    44.5    21.4    31.8
    31.5    62.4    41.8    86.4    24.5    75.9    75.8    12.6    92.0    65.5    75.1    24.0    17.8    15.1    76.9    27.1    68.6     6.0    55.9    50.4    14.0    41.2     2.4    67.8    37.1    40.0    50.1    37.5    90.2     2.6    51.1    32.4    42.1    36.9    17.8    43.6     4.5
     1.2    25.7    17.7    59.3    69.5    92.6    59.2    86.5    11.5    57.5    41.3    33.9    22.3     0.4     7.4    53.2    18.1    78.1    14.7     2.2    77.9    31.4    54.0    98.3    62.4    67.0     4.8     0.3    93.1    54.5    92.8    95.0    61.7    35.6    96.2    97.7    60.7
    92.5    95.8    28.9    15.9    72.0    93.5    73.7     6.3    77.3    88.4    59.7    26.6    95.5    69.0     9.8    16.6    13.7    22.3    18.2    72.6     4.7    83.4    79.8    64.8    29.8    51.9     5.3    93.5    66.4    80.3    92.5    89.7    66.4     1.0    86.4    42.2    17.4
    25.8    90.9    34.3    37.8    66.1    80.2    44.7    18.7    47.3    43.1    62.2    73.1    17.9     2.7    70.4    46.7    39.1    48.1    49.2    31.1    98.9    35.7    87.9    52.9    18.4    87.9    40.1    49.2     9.6    14.3     5.3    46.6    80.8    17.3    10.9     4.7    26.5
    37.0    69.1    83.6    43.0    49.7    72.8    30.3    37.2    19.3    89.3    58.8    10.0    30.2    44.1    10.0    12.4    49.2     4.5    48.4    27.7    67.8    35.7    35.0    50.6    65.1    86.8    69.1    83.6    28.9    52.4    23.6    24.6    91.1    62.4    59.5    38.2    23.4
    93.1    96.5    75.6    46.0    52.7    20.2    97.9    52.1    54.1     9.0    76.0    19.4    47.3    96.1    52.4    80.4    14.1    74.7    62.6    20.8    91.3    82.5    30.0    18.3    96.3    67.3     1.8    23.5    59.5    80.6    36.2    70.8    14.4    82.0    43.2     5.1    33.9
    25.6    13.2    33.3    47.1    43.2    46.5    72.7    43.2    71.5    60.5    29.7    70.0    75.7     7.4    53.9    15.0    29.9    90.8     4.9    11.4    12.7    70.0    18.7    74.5    52.9    29.4    24.1    85.3    26.8    29.5    35.0     0.3    80.9    90.8    43.8    48.4    61.8
    64.2    66.1    54.9    75.5    53.5    74.4    34.8    27.4    72.9    12.8    83.1    92.7    36.6    10.0    93.7    94.5    67.8    34.1    95.8     2.9    86.9    57.3    31.2    33.0    10.1    14.0    69.8    30.1    73.3    53.2    38.6    12.1    84.2     8.2    35.4    87.5     6.1
     0.1    40.0    51.3    58.4    30.7    32.1    46.3    55.6    89.5    36.6    91.9    47.6    48.0    61.8    76.3    81.5    19.5    30.7    88.9    61.3    86.3    19.1     2.1    82.0     2.8    38.0    46.6    27.1    68.8    68.9    86.7    33.4    46.8    62.2    41.4    17.5    16.4
    82.1    98.0    45.0    96.5    46.8    85.6    77.6    49.4    12.6    60.0    51.2    31.6     8.5    94.5    44.7    43.0    57.7    43.8    54.0    22.0    19.7    65.6    27.4    31.2    27.0    59.7    60.2    33.9    78.6    22.3    62.6    16.7    29.3    20.6    57.5    17.6     4.7
    13.3    66.5    23.6     0.3    23.6    94.6    11.9    37.5    81.0     0.9    91.7    23.8    83.2    78.6    40.2    16.8    63.9     5.3    42.5    52.7    43.1     0.7    59.5    27.5    19.2    32.1    54.5    66.9    37.7    33.2    64.8    21.8    41.0    92.5    84.5    92.2    56.4
    14.3    79.5    75.4    32.2    90.3     2.4    51.7    49.1    82.7    16.4    71.2    66.9    30.7    20.1    50.5    31.4    77.7    50.8    84.2    42.9    54.3    71.7    17.1    89.6    92.1    13.3    55.1    92.2    11.0     1.9    91.9    40.5    73.7    47.2    23.1    78.5     4.2
    79.0    88.4    25.6    81.2    84.2     6.4     0.6    69.1    91.2    54.4    34.8    81.4    98.4    68.4    21.7    62.9    94.9    15.4    34.3    69.5    91.9    36.6    31.8    42.1    26.0    18.5    82.5    78.5    77.3    84.5     4.5    79.2     8.6    15.9    43.8     7.1    52.9
    73.6    37.1    23.5    83.3     7.6    11.1    49.5     1.7    21.8    47.7    37.8     2.7     3.2    52.5    61.3    23.5    34.4    73.8    43.3    29.8    12.9    28.8    34.1    40.5    56.6    75.2    96.5    77.2    84.6    66.0    65.5    53.2    83.6    69.5    33.0    83.1    25.5
    87.5    73.1    61.4    90.2    68.4    81.8    58.6    37.3    59.5    82.3    37.8    47.6    48.6     4.7     7.3    51.2    48.6    43.8    55.0    12.5    37.0    87.0    83.7    14.7    24.1    72.9    38.4    16.9    26.3    82.7    68.3    82.8    26.1     4.6    15.2    24.4    89.5
    12.3    42.4    74.8    19.4    65.2    88.5    20.0    12.1    73.5    77.2    73.0    51.1    67.4    78.5    73.1    43.0    48.8    19.6    18.6    70.4    48.7    88.6     3.4    34.8     8.2    53.2    97.8    60.7    63.2    55.0    68.0    91.0     0.1    77.3    88.2    11.5    33.5
    13.8    67.9    91.3    69.0    54.2    38.6    45.5    45.2    50.7    78.0    75.7    18.2    63.1    18.5    57.3    51.5    53.5    84.9    37.6    22.9    51.1    17.9    56.9    25.4    51.6    87.6    93.3    59.4    38.9    67.7    37.5    28.6     8.0    31.8    18.4    11.5    63.7
    66.4    19.9     8.2    15.5    62.9    45.2     9.1    84.8    15.5    83.1    27.2    35.2    48.6    36.9    17.8     7.0    57.9    53.3     8.9    65.9    37.5    39.3    39.6     3.8     9.4    80.7    34.8     8.5    18.2    44.9    69.2    49.0    80.6    90.2     4.9    72.3    32.5
    54.8    74.7    68.8    89.6    81.2    91.2    61.2    11.7    86.4    77.4    33.7    36.2    72.9    69.4     7.0    17.3    26.0    65.2    22.6    79.8    16.2    41.4    46.6    69.2    42.8    61.1    38.1    45.0    42.9    38.9    38.2    57.8     7.4    64.8    42.2     3.0    91.1
    22.1    66.8    95.5    76.6    20.5    31.7    94.1    24.2    35.1    68.2    85.7    69.9    96.0    75.6    17.9    28.9    19.9    56.5    27.9    18.3    55.0    54.3    30.0     5.1    86.0     7.3    90.8    76.7    32.2    21.9    30.5    28.0    61.5     1.7    18.9    44.6    47.7
    74.2    21.9    82.1    94.6    84.7    59.1    28.4    83.7    69.3    81.8    20.8    33.4    55.7     6.8    23.7    67.2    48.6    72.7    19.6     9.9     0.5    49.2    45.2     3.9    12.5    75.7    96.8    56.0    45.9    33.8     5.7    47.2    68.1    84.1    37.8    23.1    41.1
    13.9    85.0    77.5    32.7    18.7    30.6     9.4    33.2    72.4    34.2    89.1    41.9    90.4    65.3    87.8    26.9    97.0    68.2    77.6    19.8    84.0    22.5    39.5    67.3    16.6    56.1    25.8    49.2    38.5    43.8    18.2    34.4    68.4    77.7     3.5    73.0    51.9
    26.0     7.3    79.5    84.8     4.0    46.0    25.2    27.7    81.1    39.6     9.8    14.2    34.6    55.1    79.0    35.7    65.7    93.7     0.3    78.3    61.0    27.7    48.3    21.3    32.2    94.6    92.2     4.4    65.5    85.0    95.8    29.5    36.3    30.6    12.0    56.3    86.8
    28.1    96.3    14.4    28.9    28.6    76.1    16.6    52.6    64.7    65.1    81.8    14.6    63.2    64.1    91.1    67.3    18.1    87.2    80.9    74.1    63.9    68.7    61.1    57.1    82.3    78.0    51.6    48.2    51.9    89.2    74.6    64.9    47.2     5.4    84.7    49.4    23.7
    17.1    25.9    89.4    80.2    75.5    72.4     3.6    47.8    23.1    71.6    34.0    74.9    41.5     0.5    66.9    70.9    24.2    85.7    20.6    38.4    74.2    57.0    26.0    90.8    30.5    67.6    53.5    60.0    76.3    13.0    46.8    88.3    20.3    75.1    10.7    32.2    60.3
