     5.0    14.3    88.8    52.1    35.1    12.3    49.8    89.2    27.3    89.8    22.5    65.1    80.0    39.3    68.7    42.9    96.2    77.9    35.3    54.0    85.3    51.6    41.6    57.3    23.3    66.2    91.5    43.8     3.7    53.4    25.4     3.9    68.8    47.1    64.4    35.1    45.9    21.1    89.8    68.9    54.0     7.9     1.3
    48.5    78.5    49.0     5.8    32.4    79.7     1.5    43.5     8.2    86.4    88.4    36.2    24.6    15.4     1.9    38.7    39.5     9.7    66.0    61.5    75.8    37.0     5.0    34.8    51.9    62.9    85.3    35.5    83.0    22.1    52.7    59.4    62.3     1.8    33.6     1.4    41.7    12.4    32.2    70.5    68.5    30.6    12.6
    42.9    19.5    39.6    79.0    17.0    65.2     7.0    57.8    34.9    38.4     3.6    89.6     0.9    85.5     8.6    69.0     0.3    83.8     1.8    70.9    46.1    21.8    77.1    18.8    71.4    92.9     1.0    71.3    61.5    95.0    30.6    43.8    66.8    62.7    85.9     6.6    58.0     1.1    29.0    10.7    33.6    16.3    19.5
    68.1    69.7    43.5     6.5    85.2    70.3    87.8    18.5    82.2    64.6    22.1    97.8     3.7    33.8    45.7     2.3    30.2    38.3    85.0    56.7     3.4    69.8    27.8    73.9    49.8    72.7    30.9    63.1    61.5    28.5    49.7    24.1    94.1     8.7    51.5    94.0    10.3    32.4    14.1    70.4    37.0    12.3    35.1
    15.6    95.2    60.5    69.9    84.8    68.2     2.3    22.2    34.2    72.7    63.5    14.7    77.5    60.0    18.4    56.3    73.4    58.0    63.1    14.7    75.3    94.2    32.0    90.8    24.6    20.6    29.4    20.6    50.3    74.1    58.5    80.2     4.3    12.9    70.1    36.0    38.9    38.2    77.9    78.6    83.9    66.2    52.4
    66.5    32.2    94.4    27.6    23.4    68.6    53.0    96.1    51.3    11.1     9.0    46.5    45.9    26.8    59.4    43.8    82.4    17.6    19.8    67.4     6.3    58.9    14.7    47.4    98.6    88.4    68.9    92.5    71.9    52.8    38.1    62.3     9.9    90.1    77.4    73.3    37.2    20.5    14.5    84.1    86.8    22.1    39.8
    33.4    58.5    33.8    11.4    50.4    70.3    29.7    63.4    19.8    30.8    43.2    36.1    91.7    59.2    52.8    45.9    41.7    27.8    93.2    48.4    73.9     7.8    85.9    84.3    93.9    46.4    54.2    79.2    91.0    41.6    88.4    71.4    54.2    32.0    36.5    46.9    46.7    90.4    57.9    51.3    12.6    62.4    72.4
    51.9    75.8    53.5    31.1    28.9     8.2    51.4    38.3    75.7    79.7    44.6    82.8    19.7    65.6    64.1    71.5    19.3    97.5    60.9    90.0    55.2    11.5    29.1    71.9    73.0    60.2    13.7    74.3    30.6    69.8    10.3    26.3    88.9    38.1    84.9    15.4    34.3    64.2     0.4    23.1    29.4    44.3    50.5
    28.2    15.0    52.4    17.7    31.3     1.3    60.6    31.3    72.4    88.8    72.3    28.1    42.5    71.6    28.4     3.0    67.1    47.7    95.2    51.1    22.3    64.8    83.9    38.5     6.0    28.8     8.7    58.5    35.8    21.6    45.4    19.9    40.3    45.3    27.2    89.7    51.6    90.6    90.0    73.9    15.8    14.8    17.9
    32.0    47.9    11.3    75.5     9.5    59.2    69.8    36.2    14.7    11.4    95.4    72.8    57.2    20.2    70.1    46.2    89.0     4.5     6.4     1.4    27.7    54.7     4.2    38.5    14.9    59.0    36.8     7.2    84.4    51.2    91.0     7.7    95.3    65.6    47.3    59.7    36.0    33.5    68.3    26.2    92.7    37.1    62.9
    13.8    54.7    12.1    25.5    54.1    92.2    53.3    86.6    91.3     5.5     9.0    28.5    54.0    38.5    16.3    39.8    41.5    88.3     5.5    18.3    39.1     4.9    71.3    88.1    65.6    65.0    92.1    73.2     7.2    29.8    28.0    16.4    39.0     5.8    69.2    71.1    63.3    93.7    69.1    94.0    12.8    45.0    18.8
    86.8    24.1    16.6    83.6    12.1    17.6    82.4    29.5    98.9    95.6    68.4    85.7    25.2    89.7     4.0    59.5    65.7     0.5     1.6    33.8    80.2     6.7    51.1     0.7    84.0     2.0    69.1     6.3    57.5    80.4    35.1    37.6     5.8    42.0    70.1     8.4     6.2    96.3    67.6    91.9    42.2    94.7    98.4
    40.0    28.3    33.7    14.8    32.5    68.0    60.1    85.8    19.9    60.0     0.8     0.3     7.0    39.7    20.0     7.7    91.7     1.8    52.2    76.4    61.8    14.8    22.1     1.0     1.5    41.6    20.9    66.9    74.0    30.3    50.0    68.2    81.9    30.4    65.7    48.2    63.1    60.1    31.8    17.7    59.7    58.3    57.6
    44.7    67.1    48.0    81.3     3.1    38.2    64.8    47.6    80.1     0.9    56.1    11.1    90.0    25.4    76.7    29.1    44.3    29.5    88.1    27.0    23.0    24.4    74.6    38.4    91.1    12.6    61.9    87.8     2.8    11.8    58.1    16.8    65.5    26.7    35.8     1.9    95.4    36.7    15.1    97.3    14.0    56.5    98.2
    56.1    13.3     2.6    80.6     8.8    89.6    71.8    39.8    50.5    98.3     5.8    12.4    22.0    55.4    37.0    65.4    49.5    66.3    17.8     5.7    37.9    21.0    92.3    40.8    92.2    76.7    83.0    59.9    90.8    10.0    26.2     2.4    30.2    56.8    87.8    63.7    50.9    51.9    38.5    24.2    95.2    16.2    20.1
    86.4    38.1    93.0    74.9    58.1     6.4     1.5    93.0    50.8    78.6    84.8    96.6    47.7    18.7    75.3    75.6    54.0    36.5    14.0     2.4    76.6    60.6     8.3     0.5    93.2    83.5    19.4    26.9    42.7    48.3     1.5    92.3     3.7    33.1    22.0    40.0    59.0    20.5    13.7    41.2    46.3    56.9    78.2
    13.3    34.8    39.0     6.8    49.3    34.8    69.0    23.6    66.5    20.8    97.7    66.4    80.1    19.0    28.2    10.6    85.4    56.6    45.5    44.1    29.7    55.9     9.3    15.2    62.8    91.1    17.2    29.5    77.8    90.6    35.2    96.3    42.5    13.3    68.8    21.0    92.5    53.0    24.2     1.9     9.6    40.4    78.2
    86.8     1.3    24.8    19.2     8.1    48.0    29.5    81.4    56.8    76.7    80.3    92.5    97.2    23.6    85.9    95.8     0.4    25.2    82.4    43.6    76.9     6.9    36.2    44.6    25.6    49.3    89.0    97.8    10.9    64.2    29.3    51.8    98.7    93.2    23.0    56.1    27.8    76.9    43.6    90.8    34.5    30.2    32.4
    78.0    84.6    48.2    80.3    97.3    96.9    63.8    42.2    20.9    83.4    22.5    88.1    93.8    24.1    14.7    11.8     6.2    11.4    46.5    24.0    44.2    83.1    31.9    93.4    44.9    32.2    20.3    40.2    78.5    27.6    40.3    89.5    17.3    18.2    15.2    17.8    80.2    78.4    79.0    83.5    82.6    55.6    33.7
    74.8    23.0    62.7    44.6    41.0    47.7    75.1    72.7    50.0    36.4    33.0    89.1    12.3     9.0     0.4    35.9     4.2    62.4    41.9    74.0    10.6    31.8    87.4    72.4    59.0    14.5     3.6    65.6    82.9    46.3    86.1    29.4    63.4    22.5    54.8    28.5    43.5     8.1    24.8    52.6    20.1    43.5    19.8
    43.2    62.7    64.6    47.8     6.6    65.1    21.2    48.9     0.3     8.8     9.2    16.8    94.8    22.6    54.4    79.7    16.4    90.3    47.7    83.9    71.5    94.7    55.8    89.6    60.2    87.2    26.6    42.8    72.0    15.9    13.9    10.8    14.4    42.6    12.6     5.9    57.7     9.1    86.8    50.9    26.8    60.5    69.8
    67.0    42.8    95.6    46.6    69.9    38.8    21.8    90.1    76.0    56.6    26.4    86.4    54.7    41.9    92.5    57.8    92.5     1.7    34.2    51.3    68.3    14.0     6.9    75.9    91.2    67.5    64.9    90.5    95.4    30.0    60.9    34.3    28.9    67.3    64.8    26.0    64.9    58.7    89.6    66.5    22.2    49.4    63.2
    77.7    96.9    15.8    19.8    42.1    53.3    50.5    59.5    24.8    36.9    36.7    40.5    88.1    69.9    89.7    88.9    66.7    57.1     9.4    25.9    18.3    58.8    73.3    64.7    80.9    20.5    82.5    46.5    44.1    55.7    35.0    15.7    60.8     5.3    88.4    76.0    32.7    74.8    48.0    51.9    92.4    64.7    54.8
     7.2    13.6    69.0    32.3    81.2    32.3    58.5    27.8    13.8     8.1    61.0    96.0    40.0    63.4    46.7    83.7     2.4    46.9    55.9    21.1    29.8    63.2    70.7    35.8     5.2    69.6    78.5    42.4    33.1    34.7    17.5    44.3    54.8    88.1    38.0     0.1    98.9    89.7    45.5    96.2    14.4     5.2    98.5
     2.4    47.8    42.0    90.7    94.9    97.7    78.7    75.0    57.4    86.0    59.3    36.8    85.6    64.0    25.8    49.9    80.7    56.5    97.8    45.6    13.8    86.4    66.2    64.9    27.4    71.8    80.9     2.3    24.2    39.6    51.5    50.6    65.7    61.6    21.8    68.8    45.6    72.1    13.9     5.3    78.5    52.2    61.7
    31.1    88.5    68.0    67.6    50.4    52.5    84.1    75.7    67.3    23.4    80.0    33.0     5.7    97.3    67.4    94.7    77.3    94.2    30.9    62.0    62.0    15.5    87.0    77.8    24.7     3.4    56.1    89.8    75.8     9.6    41.2    57.1    58.8     3.1    49.6    74.4    60.2    14.2    85.2    27.6    17.0    32.2    61.0
    33.3    40.9    13.3    10.0    31.8    98.7    36.7    86.2    25.2    10.4    89.8    96.3    15.7     3.7    88.1    11.2    20.1    82.4    93.5    15.1    87.5    74.2    55.3    30.7    85.4    16.8    74.4    64.0    71.8    46.9    65.1    88.0    72.5    43.4    77.0    34.5    24.0    19.7     3.3    25.7    23.4    98.5     0.0
     3.8    68.4    11.6    68.3    37.7    60.8    75.4    37.5    45.5    86.5    83.8    34.3    69.5     3.5    90.1    74.1    27.5    69.9    39.1     2.7    35.1    95.8    34.7    41.9    89.1    62.6    51.1    77.3    33.8     4.5     2.0     6.7    49.0    62.8    87.0    12.2    93.4    31.6     9.5    36.4    79.3    10.7    36.4
    97.2     7.6    16.7     9.4    93.5    97.3    39.8    69.3     5.9    81.7    36.7    86.4     3.4    70.7    90.0    96.1    64.0    40.2    69.5    56.7    44.0    40.9    18.7    51.4    12.8     2.4    81.6    10.1    75.6    32.4     7.7    76.2    25.9    35.7     0.1    29.0    13.9    97.6    11.0    93.7    98.2    46.4    55.5
    61.6    27.9    47.2    12.2    71.1    28.2    89.2    49.4    92.7    29.2    67.2    12.8    78.5    39.1    34.4    90.8    84.9    40.4    98.7    57.7    30.9    53.6    87.7    41.5    71.8    74.4     9.3    17.0    74.9    25.1    19.0    23.5    60.0    83.3    60.7    89.3    29.9    62.4    55.0    48.0    46.6    47.1    38.8
    36.4    65.3    97.9    36.5     5.7    23.4    17.7    31.9    19.8    70.5    88.1    61.7    15.1    43.0    43.6    21.1    24.6    78.9     3.6    99.0    33.3    31.9    51.6    61.6     0.7    32.5    62.3    32.3    27.3    45.2     2.8    86.6    95.6    38.0    38.1    78.2    29.8     7.8    40.3    70.5    66.7     5.9    47.6
    87.0    38.2    48.0    75.2     6.9    43.1    39.2    52.7    59.1    49.4    19.9    92.8    36.5    39.6     3.4    85.8    69.4    37.7    17.3    68.1    69.0    24.4    67.4    36.4    77.6    36.6    11.5     5.0    59.3    34.7    25.9    18.3    45.7    32.4    46.8    96.9     5.3    53.8     9.6    95.9    10.1    61.5    35.3
    64.0    55.3    73.9    18.1    15.6    29.9     0.1    23.3    48.5    88.6    40.4    23.1     8.8    89.8    19.9    58.8    36.2    22.4    16.0    49.5    39.8    94.1    48.4     8.9    74.5     2.2    66.8    81.2    65.3    24.7    48.6    69.7    70.7    60.6    81.2    91.3    15.5    49.0    56.0    20.9    74.3    64.0    96.5
     7.0     0.5    45.9    72.1    80.3     2.3    44.5    81.2     0.0    85.0    76.0    91.3    93.1    84.7    85.9    92.6    67.1     0.7    75.5    79.5     4.7    49.0    70.7    91.1    18.0    10.1    34.9    85.7    76.9    43.5    36.7    63.4    78.9    52.4    58.0    78.2    15.2    55.3    36.6    85.2    18.1    29.5    90.4
    90.5    20.9    19.6    64.1    86.2    22.6    30.8    25.5    71.8    97.9    19.9    50.8    76.0    80.2    80.3    32.4     7.2    56.2    93.4    90.5    38.2    33.3     5.6    48.5    90.3     0.5     4.9    37.8    17.0     4.9    95.7    44.2     0.9     6.9    26.9    59.1    23.4    69.2    21.2    35.8    48.3    10.3    90.9
     1.6    16.7    62.8    26.3    56.7    55.1    35.8    58.0    77.9    85.4    95.0    15.3    29.0    87.6    90.1    57.0     1.1    46.8    82.5    22.3    58.7     9.4     7.3    79.1    30.0     0.1    37.8    67.3    69.3    45.5    77.1    76.9     9.7    85.7    39.8    22.2    24.6    55.6     5.0    70.3    89.3    37.5     3.5
     0.3    53.9    55.1     1.9    92.4    36.3    42.3    49.0    15.0    20.2    55.2    85.8    96.1    36.9    69.2    48.3    35.5    43.5     9.1    18.8    26.9     1.3    10.0    66.4    98.1    79.5    85.5     1.2    70.7    63.9    34.2    41.1     3.5    48.5    92.9    43.1    65.1     4.6    84.9     5.5    53.4    74.0    14.8
    53.6     0.0    28.1    92.1    86.4    24.2    70.1    76.2    27.6    51.3    54.1    67.9    75.4     2.0    33.3    82.7    98.9    69.5    37.1    49.3    71.0    92.0    53.4     6.8    28.4    38.0    62.4    34.1    23.5    52.3    44.0    71.1    25.4    24.8    41.8    95.9     0.8    27.9    39.8     5.8    12.8    37.7     7.3
    76.8     8.0    79.2    28.5    36.7    26.1    23.1    68.4    89.9    15.1    89.8    55.9    51.4     8.5    35.9    75.7    70.7    91.9     2.9    77.9    70.5    18.6    52.4    73.5    81.4    63.7    61.5    62.1    15.3    71.8    91.0    19.4    45.8     7.7    79.1    58.0    30.1    28.5    59.0    13.2     0.8    17.9    32.1
    47.6    28.2    25.6    33.7    25.0    94.3    78.8    17.9    27.2    28.9    39.8    55.3     0.3    64.1     2.3    21.0    43.5    24.5    31.2    51.5    30.7    27.2    87.5    17.3    62.4    75.4    92.5    81.4    40.9    64.3    34.7    80.4    66.3    64.5    19.9    68.6    30.2    32.4    98.8    31.8    92.4    91.1    64.1
