    49.8    95.6    19.9    63.2    53.8    15.5    28.4    80.6    58.3    46.5    51.4    68.5    48.9    95.0    12.2    10.7    15.1    40.7    47.6    82.2    35.8    71.6    33.5    37.2    76.2    93.1    17.4    41.2    56.7    32.0     6.7    90.8     6.9    29.6     6.8    96.5    87.1     0.2    19.7    36.7
    45.3    38.3    29.6     1.1    46.9    15.7    37.8    37.1    14.5    61.9    54.8    60.5    37.6     3.9    82.3    84.3    68.2     4.5    87.2    98.1    70.9     3.9    49.2     1.7    44.4    17.0    59.4     0.7    89.4    56.3    39.0    66.1    45.2    65.5    33.7    88.0     6.0    74.8    76.9     0.1
    87.3    48.8    75.9    86.5     5.8    87.9    29.1    55.9    21.1    21.0     4.9    90.0    33.1    39.6     3.9    10.0    37.6    12.3     1.2    73.5    98.5    88.4     8.6     5.9    49.4    53.8    41.4    33.6    74.5     8.8    42.1    89.0     1.3    46.4    49.0    74.2    12.2    51.8    53.7    15.0
    96.2     6.3    85.6    61.6     0.7    41.8    45.8    36.2    76.7    84.1    85.5    55.2    80.0    65.0    91.7    79.6     1.2    98.0    67.4    97.8     5.2    20.5    37.0    55.2     9.4     5.1    94.1    63.4     9.2    72.8    93.0    73.3    92.9    78.0    47.8    30.7    60.7    17.9    96.9    92.4
    89.7    49.5     6.0     1.1    84.8    33.2    46.1    50.7     0.9    50.1    61.0    52.8     9.7    30.8    65.4    26.4    51.4    77.0    55.5    69.6    80.7    44.9    53.3    61.5    18.1    88.6    36.6    63.0    30.0    31.6    73.4    18.5    90.6    97.5    73.2    96.0    84.2    75.9    44.3    13.3
    15.6    52.9    47.1    92.0    75.8    33.0    35.7    51.5    86.2    28.9    33.6    36.9    23.0    72.8    42.5    49.3    49.6     8.5    38.2     2.0    27.1    80.8    93.5    37.1    47.6    75.4     5.6    83.7    78.3    57.7    74.3    61.3    30.4    17.6    22.0    25.4    89.1    61.6    50.9     9.3
    94.6    20.7    38.9    54.2    64.2    33.0    66.6    30.2    89.4    51.2    35.3    81.8    82.8    29.9    48.4    87.5    28.6     1.5    17.3    52.3    10.5    49.5    80.4    33.1    82.3    53.4    55.7    90.7     1.9    35.5    81.8    21.1    13.6    33.7    80.7    66.2    59.1    32.8    63.8    14.2
    87.4    91.8    14.7    82.5    59.1    23.6    14.6    72.3    79.5    69.9    54.3    92.5    30.2    98.3     2.3     2.2    85.5    11.8    17.2    43.9     4.4    10.3    86.1    10.5    56.4    30.9    43.8    87.7    84.7    80.7    64.2    66.1     7.6     1.8    72.0     0.7    35.3     3.3     4.1     7.7
    80.4    51.2    31.6    77.2    12.2    50.5     4.0     5.1    79.7    21.4    39.0    33.1    43.5    81.6    14.0     8.1    41.7    31.7    35.5    43.8    10.2    30.5    96.4    95.6     1.2    55.8    89.0    23.6    82.1    30.5    47.2     2.5    36.9    45.8    15.4    48.0    14.8    87.2     4.5    46.6
     2.4    47.7    94.2    98.8    46.5    47.8    41.7    28.1    79.0     0.6     7.3     0.6    42.8    66.5    49.4    77.3    87.3     3.0    59.5     8.0     1.1    64.1    29.5    63.2    98.0    15.0    32.4    34.7    10.2     8.5    34.1    92.9    84.0    12.2    68.0    23.5    92.8    45.8    77.3    71.5
    72.5    63.2    39.3    42.2    20.3    38.4    79.6    31.4    51.6     6.4    27.2    63.6    70.8    41.1    24.1     0.0    82.7    15.5    17.7    30.3    85.8    78.1    25.1    61.8    61.6    61.0    57.3    15.7    96.2    57.2    65.7    26.9    23.3    47.9    33.0    69.1    21.9     5.4     5.6    26.9
    25.2    61.8    39.4     1.4    27.2    14.9    21.9    66.9    12.5    13.7    81.2    15.6    15.4    65.3    81.9    72.7    58.2    17.0    45.7    83.2    86.1    21.8    56.3    14.2    98.5    84.9    85.8    61.6    94.7    38.6    72.7    42.0    48.2    36.0    37.0    68.1    18.6    62.8    11.9    57.6
    47.8    77.2    62.5    41.3    92.3    53.4    96.4    32.9    33.9    42.0    62.1    62.1    97.3    60.0     7.1    77.1    37.4    41.9    82.8    10.3    39.8    98.4    97.1    10.7    46.8    46.0    40.0    93.4    98.1    18.9     3.2    39.0    13.5    47.2     7.0    98.4    25.4    15.2    20.7     6.1
    10.1    29.7    68.7    36.2    94.5    28.0    44.7    19.8    51.9    88.8    49.8    73.4    76.6     1.5    37.4    31.0    72.1    71.7    84.2    23.8     6.6    58.5    95.3    50.1     2.7     2.6     2.6    19.2    15.9     9.9    14.8    36.4     2.9    96.3    54.5     9.9     5.8    12.0     9.4     7.5
    96.2    58.8    98.1    13.5    36.3    68.5    86.9    42.9    75.5    72.7    52.6    22.5     7.3    50.2    61.8    40.5     9.8    89.0    74.8    72.9    34.9    34.1    67.9     8.1     8.8    48.8    39.0    23.7    10.1    21.8    86.4    13.4     3.0    57.3    24.3    46.1     9.0    80.1    88.9    68.5
    90.6    11.4    68.4    15.4    53.5    21.6    69.5    17.4    44.0    23.3    87.8    59.9    76.4    47.4    11.6    86.5    98.4    82.2    10.0    11.8    84.2    95.0    23.8    16.6    71.3    41.3    18.4    41.6    27.8     2.5    47.4    55.3    70.5    30.5    86.9    41.9    16.5    27.6    18.9    28.0
    85.8    44.4    87.9    70.9    51.1    40.7    84.3    20.3    72.6    89.0    43.6     8.1    92.8    34.4     4.0    84.3    14.1    44.7    84.2    55.0    96.4    94.1    54.3     3.9    59.0    82.3    44.0     7.0    70.5    11.9    43.6    57.8    45.9    62.9    11.8    51.7    80.9     9.9    76.7    21.7
     1.2    72.7    76.6    52.7    49.4    40.9    83.1    15.2    48.1    97.0     2.2    67.9    78.1    84.5    13.8     6.2    85.4    41.8    64.4    92.7    62.0    18.2    63.1    37.4    59.9     4.3    34.4    69.7    15.1    82.3    11.5    93.1    15.8    50.6    86.6    19.9    56.4     2.7    32.9    53.2
    91.5    32.4    55.1    11.1    62.9    90.7    46.9    13.4    58.6    38.9    66.2     4.9    92.3     1.7    29.6    48.5     2.1    46.1    18.0    12.5    84.8    41.1    65.7    43.6    66.4    67.3    40.1    56.4    85.9    40.7    61.1    62.5    11.9    10.1    52.9    92.4    60.1    82.9    20.5     6.5
    50.7    79.1    74.3    64.8    34.8    95.4    96.5    28.7    51.7    81.1    52.1     4.8    85.8    19.5    51.0    32.6    44.0    55.0    91.6    21.2     0.7    21.7     4.3    53.9    68.0    40.1    64.1    15.2    44.7     8.0    79.1    88.8    92.5    51.4     5.9    97.3     1.8    19.6     5.6     1.2
     8.5    77.9     8.5    70.5    46.1    21.9    10.3    40.3    59.9    92.8    72.1    98.0    39.7    43.3    92.6    26.1    46.5     3.5    11.7    48.0    42.3    31.8    97.2     2.6    14.1    72.8    43.5    76.9     0.8    64.7    54.4    11.9     6.4     6.0    60.1    90.4    56.7    45.5    83.2    88.0
     7.5    41.6    51.6    72.4    14.0    34.8    37.3    92.1    39.4    59.0    15.3    38.0    74.3    40.2    57.5    64.5    57.3    57.9    71.8    51.7    63.5    71.9    27.9    39.3    39.2    27.3    70.4    83.6    32.7    33.7    61.1    42.6    12.7     6.8    92.7     9.4    53.7    18.4    32.5    55.8
    16.1    11.1    55.9    16.5    98.1    27.1    67.2    56.6    94.5     1.6    29.8    56.5    48.6    30.8    44.2    23.1    84.5    12.4    10.0    59.6    50.7    35.9    57.9    90.7    74.6    92.1    95.0     7.2    66.1    51.9    52.0    91.9    57.7    41.6    49.1    20.4     6.6    71.9    34.4    72.2
     8.8    56.1    17.0    72.6     5.1    54.6    83.6    49.8    78.0    37.5    44.1    72.1    44.1    15.8    92.2    60.6     0.4    65.8     7.3    63.9     2.0    96.0    48.6    86.2    28.6    64.8    74.1    67.5    39.5    52.6    75.6    98.8    52.8    46.5    15.7    81.8    95.9    96.3    24.9    11.6
     8.5    53.6    78.0    91.6    10.4    95.2    35.4     5.7    77.7    52.1    92.2    44.7    15.1    13.2    39.8    27.4    71.6    94.6    67.2    83.0    57.8    84.1    64.9    47.2    71.9    69.2    49.5    52.8    26.9    96.6    56.6    33.8    14.4    69.3    42.5    24.4    18.3    83.5    84.9    41.2
    13.4    41.1    73.4    80.9    29.3     1.3    97.4    71.6    51.4    63.5    84.9    73.0    74.2    18.3    54.4    57.9    18.4    74.5    39.4     5.5    84.4    44.0    67.5    18.5    85.0    70.4    38.0    39.5    88.3    62.9    43.2    40.9    11.0    18.9    93.3    78.0    27.6    13.1    50.2    62.5
    33.6    68.9    41.4    43.3    25.6    77.4    26.7    15.7    42.3    79.6    92.6    69.9    26.8    45.0    33.2    86.3    34.8    50.6    98.0    26.9    96.5     2.5    96.2    43.3    64.1    88.9    80.5    15.7    22.5    64.0     8.0    41.1    90.9    19.6    80.3    42.9    18.6    48.9    69.5    51.8
    56.2     9.6    46.1    16.1     3.4     5.7    17.7    80.6    67.4    96.1     8.6    22.2    67.7    41.0     8.0    39.9    86.6     1.8    28.4    77.2    59.4    95.9    49.6    62.2    27.0    28.8    98.5    16.6     7.5    34.8    63.0    65.0    19.9    67.2    12.1    35.9    47.5    75.0    69.1    33.3
    34.8    64.0    72.6    32.7    77.3    79.0    95.2    40.3    17.5    87.4    55.2    41.6    87.8    52.4    29.2    87.7    16.2    14.0    17.4    29.1    83.9    34.3    92.2    40.7     9.2    48.8    13.6     1.9    81.2    19.6    47.2    91.3    45.3     7.3    43.6    30.0     0.8    60.9     6.0    34.7
     0.2    29.7    10.1    51.5    89.3     2.6    24.1    52.5    21.1    13.6     8.8    53.7    36.4    71.8    63.2     6.3    82.8    61.2    79.7    36.8    82.1    72.3    57.7    15.4    63.2     7.6    39.9     2.1    94.6    31.5     3.5    90.8     1.7    27.5    19.8    61.3    18.2    41.3    27.8     7.1
    51.7     4.0    58.8     2.6    67.7    97.1    82.0    67.1    11.6    71.7    97.0    19.0    27.1    94.8    85.3    64.6    62.1     5.2    78.9    68.5    71.1    87.1    19.1    35.6    56.2    72.0    72.0    79.4    35.4    53.3     7.1    25.7    45.4    22.1    39.7    18.7    49.4    44.6    73.2    33.7
    11.2    16.7     0.5    37.4     1.3    64.4    35.5    54.4     4.6    68.7    44.6    89.2    64.1    71.3    30.8    36.9    79.1    59.1    18.5    73.7    40.6    53.9    47.0    42.4    93.6    28.6     2.8    44.5    94.2    34.8    80.5    27.9    28.2    36.5    44.4    62.1    31.0    92.9    53.4    24.5
    16.1     3.9    24.6    93.0    83.2    85.1    52.1    70.6    16.0    30.5    53.2    26.4    97.7    39.8    30.0    96.7    62.1    55.0    13.3    74.5    27.8    64.7    78.7    76.8    85.8    12.7    77.8    83.7    33.2    18.0    68.1    93.7    47.4    59.3     5.4    30.8    90.7    21.1    53.7    55.0
    72.0    29.9    42.3    39.2     7.7    55.3    55.9    97.7    40.2    68.1    83.0    48.1    72.4    92.0    26.4    27.5    23.2     4.4    37.2    25.5    31.3    26.6    48.5    52.0    38.5    81.4    64.3    62.0    20.1    22.2    77.4    24.5    13.7    68.8    15.9    98.0    37.3    71.7    97.0    92.8
    40.6    66.4    98.6    17.3    13.3     2.1    50.7    95.7    38.1    66.9    93.8    41.5    47.0    87.5    69.2    63.4    33.6    29.9    55.9    62.0     1.8    81.4     1.3    18.8    72.3    75.4    80.0    21.8    49.1     0.0    78.6    50.9    46.8    59.8    69.0     6.2    85.8    49.3    11.0    78.8
    23.7    85.8    65.1    26.8    33.5    92.2    83.4    14.6     4.2    52.9    14.3    33.8    44.0    74.9    96.5    12.4    52.9    68.5    81.9    91.6    63.4     4.5    35.4    56.2    36.3    45.8    75.3     9.6    59.6    89.5    36.1    13.2    73.2     5.8    76.0    28.3    83.1    55.2    63.1    43.9
    64.2     1.2    11.0    79.3    94.7    39.6    50.5    77.8     8.9     4.4     7.6    78.5     9.5    85.7    71.3    95.1    81.9    93.9    19.6    88.6    77.5    77.9    10.6    89.5    97.2    74.3    67.4    58.3     1.4    64.4    56.2    91.4    62.7    30.8    90.2    36.5    64.8    84.7    39.0     4.6
